16 14
0 26156 0 79756 0 0 0 0 0 0 0 0 0 0 0 0 
26156 0 2061 0 0 0 0 0 0 0 14631 0 83356 0 0 0 
0 2061 0 0 87573 0 0 0 0 0 0 0 0 0 0 0 
79756 0 0 0 0 34376 64967 80169 34859 0 0 0 0 74505 0 0 
0 0 87573 0 0 0 0 0 0 81965 0 0 0 0 0 0 
0 0 0 34376 0 0 0 0 0 0 0 0 0 0 0 0 
0 0 0 64967 0 0 0 0 0 0 0 0 0 0 0 0 
0 0 0 80169 0 0 0 0 0 0 0 0 0 0 0 0 
0 0 0 34859 0 0 0 0 0 0 0 0 0 0 36637 0 
0 0 0 0 81965 0 0 0 0 0 0 0 0 0 0 0 
0 14631 0 0 0 0 0 0 0 0 0 2729 0 0 0 0 
0 0 0 0 0 0 0 0 0 0 2729 0 0 0 0 7663 
0 83356 0 0 0 0 0 0 0 0 0 0 0 0 0 0 
0 0 0 74505 0 0 0 0 0 0 0 0 0 0 0 0 
0 0 0 0 0 0 0 0 36637 0 0 0 0 0 0 0 
0 0 0 0 0 0 0 0 0 0 0 7663 0 0 0 0 
