64 14
0 26156 0 79756 28572 31357 0 0 0 0 0 0 0 0 66076 0 0 0 0 95186 4804 0 0 0 0 48024 0 0 85673 0 75100 59723 0 0 0 0 0 0 0 32880 0 12010 0 35766 18750 0 0 63364 0 46806 54885 0 0 0 23331 0 0 0 0 0 10414 0 0 11326 
26156 0 2061 0 0 0 0 0 0 0 14631 37091 83356 0 0 0 80551 0 83559 0 74563 0 0 74320 0 73385 0 21832 0 73158 0 0 0 14748 0 0 0 0 0 5489 0 0 37753 0 45508 89713 0 0 56054 0 0 0 46298 0 24115 0 20315 0 0 0 0 95595 58684 0 
0 2061 0 0 87573 32894 0 0 88763 0 67617 2143 0 49099 56725 0 0 0 0 0 75627 1018 0 0 0 0 28960 19546 39518 0 0 69819 20628 85180 0 0 0 42481 0 0 0 0 0 92167 0 0 88421 0 0 0 0 1855 97965 0 18409 0 38219 20277 0 89635 0 0 42525 0 
79756 0 0 0 30711 34376 64967 80169 34859 0 0 0 0 74505 0 0 20399 875 911 2621 0 0 0 0 0 0 0 0 0 0 0 0 0 0 0 0 0 0 81123 0 0 0 68680 0 37265 0 83468 3326 0 0 0 17180 0 0 0 0 94686 0 5267 0 37740 0 51194 0 
28572 0 87573 30711 0 51135 0 22298 0 81965 0 63032 95743 0 0 0 7583 49300 0 0 0 0 14298 0 71004 0 25025 0 0 0 24245 0 0 0 44786 95174 0 99630 0 0 32829 29983 0 59964 0 22682 43753 0 0 0 0 0 94637 0 0 56112 0 89715 48211 0 0 0 0 0 
31357 0 32894 34376 51135 0 0 8218 93395 0 17664 0 0 0 0 68902 0 0 64821 35823 80621 0 78160 0 0 0 0 0 0 0 9902 85286 73578 0 0 8929 0 0 0 16839 0 9697 86856 0 35303 0 0 47273 0 92099 30421 0 0 0 0 0 74297 13304 0 0 65748 0 0 0 
0 0 0 64967 0 0 0 0 0 0 0 80837 0 12190 89402 46470 0 25537 43428 0 0 90807 0 0 11935 0 0 4182 0 0 0 86153 0 0 0 45818 68665 85686 22416 0 0 0 0 0 59133 16147 0 0 94313 0 0 6684 20463 49093 0 0 0 55616 0 90563 43643 0 0 0 
0 0 0 80169 22298 8218 0 0 0 0 0 0 0 0 84668 40161 0 0 0 39729 0 27161 0 2340 0 0 0 66384 68593 0 0 0 398 0 0 0 60326 0 0 0 25032 0 31005 0 0 39348 47523 6322 0 20842 0 0 60055 0 0 0 0 0 64129 62812 0 28646 0 0 
0 0 88763 34859 0 93395 0 0 0 14686 89159 38641 0 34989 36637 0 78493 0 0 70801 1279 0 0 80184 0 34299 93161 21476 0 0 0 0 0 68937 0 0 0 0 60496 0 0 0 0 98172 0 15009 0 0 0 0 0 42562 0 0 0 0 80994 0 0 0 59148 51503 0 0 
0 0 0 0 81965 0 0 0 14686 0 0 0 0 83288 0 0 26218 0 0 90167 0 18392 80233 0 64630 0 0 0 58382 80252 0 0 0 35871 0 0 0 58883 0 0 22393 0 31421 27865 30173 563 0 0 0 4802 0 0 0 0 0 0 0 0 0 0 0 0 0 0 
0 14631 67617 0 0 17664 0 0 89159 0 0 2729 0 0 0 0 94076 0 0 0 0 48964 0 57907 0 19128 0 0 95909 0 0 0 0 0 0 44098 46894 0 0 0 18587 0 19038 0 60854 0 0 0 0 10897 78506 0 0 54427 0 0 0 0 0 38659 79686 0 0 3174 
0 37091 2143 0 63032 0 80837 0 38641 0 2729 0 0 0 0 7663 0 0 91297 0 5579 0 0 76209 92568 31555 0 0 53247 0 0 0 44594 0 0 0 29130 0 93674 0 25658 96437 0 58440 0 0 0 42399 0 80915 23427 98709 0 0 0 0 0 37457 53702 0 0 0 0 0 
0 83356 0 0 95743 0 0 0 0 0 0 0 0 0 0 0 0 0 0 0 0 77077 88795 75621 0 36278 0 0 0 0 57497 0 82744 0 0 76533 0 0 60226 0 0 37959 0 0 0 77824 0 0 0 0 31521 0 0 0 0 0 0 67907 0 0 52587 0 17395 0 
0 0 49099 74505 0 0 12190 0 34989 83288 0 0 0 0 0 0 0 45212 0 0 0 0 0 58922 0 31395 0 96665 0 49884 40068 35999 2840 0 0 0 0 0 0 0 0 0 0 0 9808 0 0 0 0 0 0 0 43178 0 40623 79619 0 0 92558 0 0 0 0 0 
66076 0 56725 0 0 0 89402 84668 36637 0 0 0 0 0 0 78987 12854 81471 0 1565 45631 0 0 0 0 36681 0 0 0 0 50724 0 0 0 0 0 0 0 0 0 0 15809 0 0 21692 0 0 24664 0 0 97345 86511 0 0 0 78073 0 0 0 0 27316 0 0 64791 
0 0 0 0 0 68902 46470 40161 0 0 0 7663 0 0 78987 0 0 51613 83034 0 0 0 0 0 0 23630 1670 0 0 60803 0 0 0 0 77994 0 76749 32256 0 0 59692 32899 0 0 0 34192 0 72278 71404 0 0 11331 0 41074 38008 0 82119 0 0 0 0 0 0 0 
0 80551 0 20399 7583 0 0 0 78493 26218 94076 0 0 0 12854 0 0 0 0 0 0 0 35856 0 78351 0 97810 6373 0 0 0 0 0 0 0 0 0 0 0 9391 38677 0 0 21748 0 0 48614 0 90974 0 78756 0 0 77447 0 57180 62866 0 34704 0 25771 0 0 0 
0 0 0 875 49300 0 25537 0 0 0 0 0 0 45212 81471 51613 0 0 7502 45711 0 0 0 60698 0 0 32340 0 0 0 0 0 0 62983 0 0 0 78468 38704 59677 98232 0 0 0 0 21461 67533 0 0 0 0 0 0 0 0 0 0 0 99594 0 0 31208 0 45998 
0 83559 0 911 0 64821 43428 0 0 0 0 91297 0 0 0 83034 0 7502 0 0 0 0 977 66765 72592 0 0 0 0 0 37374 0 66504 0 0 0 95085 59318 63393 35042 67485 0 0 73337 0 0 0 0 68629 0 0 35955 0 0 0 0 50248 53975 99750 99795 42330 13975 80848 0 
95186 0 0 2621 0 35823 0 39729 70801 90167 0 0 0 0 1565 0 0 45711 0 0 0 0 0 0 0 0 26744 23751 35422 0 0 76480 0 0 0 73010 87729 78769 97708 0 0 0 0 26969 91314 4470 0 0 0 0 0 0 10594 0 26802 52192 0 0 0 30216 0 0 0 0 
4804 74563 75627 0 0 80621 0 0 1279 0 0 5579 0 0 45631 0 0 0 0 0 0 80076 47006 0 81036 0 0 0 78621 0 81690 0 66106 0 0 86156 0 0 0 0 0 0 32555 0 0 0 0 0 0 5056 0 0 0 0 48901 0 0 0 0 0 0 80474 0 64904 
0 0 1018 0 0 0 90807 27161 0 18392 48964 0 77077 0 0 0 0 0 0 0 80076 0 0 0 0 0 0 0 0 0 58588 7105 42081 55994 32291 0 0 0 0 78475 83239 0 0 0 0 0 0 0 0 0 0 0 0 61956 0 29311 0 0 14063 68171 62411 90668 78284 0 
0 0 0 0 14298 78160 0 0 0 80233 0 0 88795 0 0 0 35856 0 977 0 47006 0 0 0 79566 0 42751 0 0 0 0 0 0 23477 0 79019 0 0 0 0 32307 83877 0 58594 0 0 0 0 0 36573 63432 0 0 0 74332 12487 0 0 0 0 0 0 35765 0 
0 74320 0 0 0 0 0 2340 80184 0 57907 76209 75621 58922 0 0 0 60698 66765 0 0 0 0 0 0 0 90338 0 0 51907 99253 0 0 32805 0 47990 0 32498 0 0 0 0 0 58718 0 0 41309 0 0 0 0 0 92554 93910 97090 0 25031 0 0 0 0 0 92926 58301 
0 0 0 0 71004 0 11935 0 0 64630 0 92568 0 0 0 0 78351 0 72592 0 81036 0 79566 0 0 0 55700 70055 0 0 0 0 14664 0 0 0 0 49616 0 64804 0 0 0 59134 0 43456 0 0 0 0 44612 24380 0 0 0 0 0 77443 60454 0 0 47037 0 36233 
48024 73385 0 0 0 0 0 0 34299 0 19128 31555 36278 31395 36681 23630 0 0 0 0 0 0 0 0 0 0 0 0 19204 33630 3313 0 0 0 43142 0 0 0 59909 0 14187 0 92268 17255 0 0 56963 92996 0 0 13798 0 0 16823 0 0 0 0 0 0 0 36329 0 79425 
0 0 28960 0 25025 0 0 0 93161 0 0 0 0 0 0 1670 97810 32340 0 26744 0 0 42751 90338 55700 0 0 0 0 22865 0 0 0 0 98186 56828 0 0 0 0 0 0 64190 28363 40069 0 0 42017 23892 0 61276 97664 6002 81810 0 0 71860 52394 67707 0 0 52121 41227 0 
0 21832 19546 0 0 0 4182 66384 21476 0 0 0 0 96665 0 0 6373 0 0 23751 0 0 0 0 70055 0 0 0 6718 0 0 0 21796 0 0 0 0 0 0 0 0 14989 0 64741 0 15710 9149 6169 0 0 0 39126 0 0 78273 0 0 0 0 0 0 4264 0 26202 
85673 0 39518 0 0 0 0 68593 0 58382 95909 53247 0 0 0 0 0 0 0 35422 78621 0 0 0 0 19204 0 6718 0 0 0 0 0 0 0 0 0 0 0 0 0 71586 60520 6605 45094 0 0 70461 90641 0 77577 0 0 67702 0 0 0 0 37027 0 0 0 0 0 
0 73158 0 0 0 0 0 0 0 80252 0 0 0 49884 0 60803 0 0 0 0 0 0 0 51907 0 33630 22865 0 0 0 84211 0 88305 0 0 0 10360 75149 51937 0 0 13148 0 25821 75884 0 0 0 0 12505 0 0 0 0 61388 50901 3532 0 21771 86883 0 0 0 0 
75100 0 0 0 24245 9902 0 0 0 0 0 0 57497 40068 50724 0 0 0 37374 0 81690 58588 0 99253 0 3313 0 0 0 84211 0 0 54436 0 60685 0 0 4506 0 0 0 0 84513 0 99409 0 0 0 66905 0 0 0 0 0 12385 0 57174 0 4927 0 0 0 0 0 
59723 0 69819 0 0 85286 86153 0 0 0 0 0 0 35999 0 0 0 0 0 76480 0 7105 0 0 0 0 0 0 0 0 0 0 0 0 27277 0 0 17788 56888 451 0 0 0 0 40030 90902 0 11656 75647 0 98328 81363 0 0 0 83396 0 22368 62975 0 37076 0 39636 0 
0 0 20628 0 0 73578 0 398 0 0 0 44594 82744 2840 0 0 0 0 66504 0 66106 42081 0 0 14664 0 0 21796 0 88305 54436 0 0 0 0 0 0 0 0 45024 96572 0 0 20433 0 0 0 0 12384 0 12223 75351 0 0 0 45421 0 0 0 0 0 0 0 87236 
0 14748 85180 0 0 0 0 0 68937 35871 0 0 0 0 0 0 0 62983 0 0 0 55994 23477 32805 0 0 0 0 0 0 0 0 0 0 0 0 90246 0 0 0 0 0 0 0 0 0 60049 0 0 0 43824 96385 76386 0 0 0 0 11697 90777 19708 20433 0 0 26345 
0 0 0 0 44786 0 0 0 0 0 0 0 0 0 0 77994 0 0 0 0 0 32291 0 0 0 43142 98186 0 0 0 60685 27277 0 0 0 57006 0 0 0 81445 57289 43693 87805 0 14236 3249 0 0 57978 0 0 65267 0 86232 0 0 15510 0 0 0 0 0 0 0 
0 0 0 0 95174 8929 45818 0 0 0 44098 0 76533 0 0 0 0 0 0 73010 86156 0 79019 47990 0 0 56828 0 0 0 0 0 0 0 57006 0 0 0 0 0 0 0 0 0 36974 0 0 56856 64343 9602 88141 830 56518 0 0 95635 0 0 33251 0 0 0 0 0 
0 0 0 0 0 0 68665 60326 0 0 46894 29130 0 0 0 76749 0 0 95085 87729 0 0 0 0 0 0 0 0 0 10360 0 0 0 90246 0 0 0 0 11876 43469 0 0 0 0 0 0 61171 15502 0 26088 0 12419 0 0 99420 0 0 0 0 0 0 6220 83409 0 
0 0 42481 0 99630 0 85686 0 0 58883 0 0 0 0 0 32256 0 78468 59318 78769 0 0 0 32498 49616 0 0 0 0 75149 4506 17788 0 0 0 0 0 0 0 0 0 0 0 0 97956 0 0 65599 59328 0 0 0 64870 0 76923 66498 0 0 0 0 36749 95680 0 49630 
0 0 0 81123 0 0 22416 0 60496 0 0 93674 60226 0 0 0 0 38704 63393 97708 0 0 0 0 0 59909 0 0 0 51937 0 56888 0 0 0 0 11876 0 0 0 51647 7478 0 77655 83717 0 0 0 0 56519 0 0 76752 0 0 0 0 0 0 0 0 37510 0 0 
32880 5489 0 0 0 16839 0 0 0 0 0 0 0 0 0 0 9391 59677 35042 0 0 78475 0 0 64804 0 0 0 0 0 0 451 45024 0 81445 0 43469 0 0 0 0 0 18091 98951 0 71531 0 47966 0 0 0 94655 72447 0 65843 0 54444 0 52152 0 0 0 77004 21004 
0 0 0 0 32829 0 0 25032 0 22393 18587 25658 0 0 0 59692 38677 98232 67485 0 0 83239 32307 0 0 14187 0 0 0 0 0 0 96572 0 57289 0 0 0 51647 0 0 0 0 0 0 88069 53765 0 0 4644 72469 66695 0 0 22527 81513 0 14691 0 0 13070 0 0 91303 
12010 0 0 0 29983 9697 0 0 0 0 0 96437 37959 0 15809 32899 0 0 0 0 0 0 83877 0 0 0 0 14989 71586 13148 0 0 0 0 43693 0 0 0 7478 0 0 0 0 0 0 0 0 0 0 56482 64643 0 70253 0 55414 71337 1139 0 5109 0 98624 0 0 0 
0 37753 0 68680 0 86856 0 31005 0 31421 19038 0 0 0 0 0 0 0 0 0 32555 0 0 0 0 92268 64190 0 60520 0 84513 0 0 0 87805 0 0 0 0 18091 0 0 0 14277 20438 0 87441 0 0 33798 0 0 26452 0 0 0 0 97081 0 30028 0 0 0 76484 
35766 0 92167 0 59964 0 0 0 98172 27865 0 58440 0 0 0 0 21748 0 73337 26969 0 0 58594 58718 59134 17255 28363 64741 6605 25821 0 0 20433 0 0 0 0 0 77655 98951 0 0 14277 0 71410 40828 0 0 0 0 0 3181 0 0 0 0 79949 0 35953 0 0 0 0 28412 
18750 45508 0 37265 0 35303 59133 0 0 30173 60854 0 0 9808 21692 0 0 0 0 91314 0 0 0 0 0 0 40069 0 45094 75884 99409 40030 0 0 14236 36974 0 97956 83717 0 0 0 20438 71410 0 0 0 0 29234 32958 0 96113 16468 0 0 30100 0 0 0 0 0 0 14157 0 
0 89713 0 0 22682 0 16147 39348 15009 563 0 0 77824 0 0 34192 0 21461 0 4470 0 0 0 0 43456 0 0 15710 0 0 0 90902 0 0 3249 0 0 0 0 71531 88069 0 0 40828 0 0 0 25961 0 90212 98452 0 0 40779 47678 0 73233 0 0 0 0 0 0 0 
0 0 88421 83468 43753 0 0 47523 0 0 0 0 0 0 0 0 48614 67533 0 0 0 0 0 41309 0 56963 0 9149 0 0 0 0 0 60049 0 0 61171 0 0 0 53765 0 87441 0 0 0 0 0 22511 0 0 0 0 0 73811 0 0 55186 0 0 42580 0 0 70487 
63364 0 0 3326 0 47273 0 6322 0 0 0 42399 0 0 24664 72278 0 0 0 0 0 0 0 0 0 92996 42017 6169 70461 0 0 11656 0 0 0 56856 15502 65599 0 47966 0 0 0 0 0 25961 0 0 39055 42039 0 28958 0 75794 0 0 94180 0 0 23712 0 59208 0 85715 
0 56054 0 0 0 0 94313 0 0 0 0 0 0 0 0 71404 90974 0 68629 0 0 0 0 0 0 0 23892 0 90641 0 66905 75647 12384 0 57978 64343 0 59328 0 0 0 0 0 0 29234 0 22511 39055 0 0 0 0 18816 0 48325 64099 0 94518 0 0 0 54829 0 15084 
46806 0 0 0 0 92099 0 20842 0 4802 10897 80915 0 0 0 0 0 0 0 0 5056 0 36573 0 0 0 0 0 0 12505 0 0 0 0 0 9602 26088 0 56519 0 4644 56482 33798 0 32958 90212 0 42039 0 0 0 0 35766 65159 51595 38925 0 0 73585 0 0 0 0 0 
54885 0 0 0 0 30421 0 0 0 0 78506 23427 31521 0 97345 0 78756 0 0 0 0 0 63432 0 44612 13798 61276 0 77577 0 0 98328 12223 43824 0 88141 0 0 0 0 72469 64643 0 0 0 98452 0 0 0 0 0 16588 0 0 28361 88401 0 74463 0 0 0 0 15067 0 
0 0 1855 17180 0 0 6684 0 42562 0 0 98709 0 0 86511 11331 0 0 35955 0 0 0 0 0 24380 0 97664 39126 0 0 0 81363 75351 96385 65267 830 12419 0 0 94655 66695 0 0 3181 96113 0 0 28958 0 0 16588 0 74080 16033 0 61368 0 73327 91892 93803 0 0 56986 0 
0 46298 97965 0 94637 0 20463 60055 0 0 0 0 0 43178 0 0 0 0 0 10594 0 0 0 92554 0 0 6002 0 0 0 0 0 0 76386 0 56518 0 64870 76752 72447 0 70253 26452 0 16468 0 0 0 18816 35766 0 74080 0 0 0 0 80080 0 0 55577 45304 0 0 0 
0 0 0 0 0 0 49093 0 0 0 54427 0 0 0 0 41074 77447 0 0 0 0 61956 0 93910 0 16823 81810 0 67702 0 0 0 0 0 86232 0 0 0 0 0 0 0 0 0 0 40779 0 75794 0 65159 0 16033 0 0 89886 50167 0 0 6415 27550 35190 25956 67820 0 
23331 24115 18409 0 0 0 0 0 0 0 0 0 0 40623 0 38008 0 0 0 26802 48901 0 74332 97090 0 0 0 78273 0 61388 12385 0 0 0 0 0 99420 76923 0 65843 22527 55414 0 0 0 47678 73811 0 48325 51595 28361 0 0 89886 0 0 58090 0 6069 0 0 0 39516 82727 
0 0 0 0 56112 0 0 0 0 0 0 0 0 79619 78073 0 57180 0 0 52192 0 29311 12487 0 0 0 0 0 0 50901 0 83396 45421 0 0 95635 0 66498 0 0 81513 71337 0 0 30100 0 0 0 64099 38925 88401 61368 0 50167 0 0 0 0 0 85442 0 74050 0 133 
0 20315 38219 94686 0 74297 0 0 80994 0 0 0 0 0 0 82119 62866 0 50248 0 0 0 0 25031 0 0 71860 0 0 3532 57174 0 0 0 15510 0 0 0 0 54444 0 1139 0 79949 0 73233 0 94180 0 0 0 0 80080 0 58090 0 0 0 0 36401 0 0 0 37930 
0 0 20277 0 89715 13304 55616 0 0 0 0 37457 67907 0 0 0 0 0 53975 0 0 0 0 0 77443 0 52394 0 0 0 0 22368 0 11697 0 0 0 0 0 0 14691 0 97081 0 0 0 55186 0 94518 0 74463 73327 0 0 0 0 0 0 47476 0 37279 0 0 0 
0 0 0 5267 48211 0 0 64129 0 0 0 53702 0 92558 0 0 34704 99594 99750 0 0 14063 0 0 60454 0 67707 0 37027 21771 4927 62975 0 90777 0 33251 0 0 0 52152 0 5109 0 35953 0 0 0 0 0 73585 0 91892 0 6415 6069 0 0 47476 0 60096 0 0 0 0 
0 0 89635 0 0 0 90563 62812 0 0 38659 0 0 0 0 0 0 0 99795 30216 0 68171 0 0 0 0 0 0 0 86883 0 0 0 19708 0 0 0 0 0 0 0 0 30028 0 0 0 0 23712 0 0 0 93803 55577 27550 0 85442 36401 0 60096 0 78038 0 86675 0 
10414 0 0 37740 0 65748 43643 0 59148 0 79686 0 52587 0 27316 0 25771 0 42330 0 0 62411 0 0 0 0 0 0 0 0 0 37076 0 20433 0 0 0 36749 0 0 13070 98624 0 0 0 0 42580 0 0 0 0 0 45304 35190 0 0 0 37279 0 78038 0 28653 58334 15929 
0 95595 0 0 0 0 0 28646 51503 0 0 0 0 0 0 0 0 31208 13975 0 80474 90668 0 0 47037 36329 52121 4264 0 0 0 0 0 0 0 0 6220 95680 37510 0 0 0 0 0 0 0 0 59208 54829 0 0 0 0 25956 0 74050 0 0 0 0 28653 0 0 0 
0 58684 42525 51194 0 0 0 0 0 0 0 0 17395 0 0 0 0 0 80848 0 0 78284 35765 92926 0 0 41227 0 0 0 0 39636 0 0 0 0 83409 0 0 77004 0 0 0 0 14157 0 0 0 0 0 15067 56986 0 67820 39516 0 0 0 0 86675 58334 0 0 0 
11326 0 0 0 0 0 0 0 0 0 3174 0 0 0 64791 0 0 45998 0 0 64904 0 0 58301 36233 79425 0 26202 0 0 0 0 87236 26345 0 0 0 49630 0 21004 91303 0 76484 28412 0 0 70487 85715 15084 0 0 0 0 0 82727 133 37930 0 0 0 15929 0 0 0 
