16 14
0 26156 0 79756 0 0 96572 911 0 81471 94076 0 56054 0 20628 20399 
26156 0 2061 0 0 0 0 32899 0 95186 14631 46806 83356 0 0 875 
0 2061 0 0 87573 60685 0 0 0 77077 21476 54885 74320 83559 0 0 
79756 0 0 0 53247 34376 64967 80169 34859 0 0 0 0 74505 0 0 
0 0 87573 53247 0 0 0 0 0 81965 85286 80252 74563 0 75627 97965 
0 0 60685 34376 0 0 0 76533 75351 40779 86675 87729 0 42481 54436 0 
96572 0 0 64967 0 0 0 0 49616 0 0 59909 0 0 0 32880 
911 32899 0 80169 0 76533 0 0 9602 99594 99409 6322 0 5489 0 75647 
0 0 0 34859 0 75351 49616 9602 0 0 86883 43824 0 0 36637 0 
81471 95186 77077 0 81965 40779 0 99594 0 0 79619 48024 0 0 0 72447 
94076 14631 21476 0 85286 86675 0 99409 86883 79619 0 2729 0 37753 133 5267 
0 46806 54885 0 80252 87729 59909 6322 43824 48024 2729 0 0 0 92167 7663 
56054 83356 74320 0 74563 0 0 0 0 0 0 0 0 73158 66076 0 
0 0 83559 74505 0 42481 0 5489 0 0 37753 0 73158 0 0 0 
20628 0 0 0 75627 54436 0 0 36637 0 133 92167 66076 0 0 69819 
20399 875 0 0 97965 0 32880 75647 0 72447 5267 7663 0 0 69819 0 
